flowermd.base.simulation.Simulation.timestep flowermd.base.simulation.Simulation.tps md.compute.ThermodynamicQuantities.kinetic_temperature md.compute.ThermodynamicQuantities.potential_energy md.compute.ThermodynamicQuantities.kinetic_energy md.compute.ThermodynamicQuantities.volume md.compute.ThermodynamicQuantities.pressure md.bond.Harmonic.energy md.pair.aniso.GayBerne.energy
                     0                                       0.00000                                        5.54412                                               5.70445                                          1.76580e+03                                   7.37280e+05                                  0.00095                           0.00000                    5.70445           
                    1000                                   2.09839e+03                                      4.99205                                               0.00000                                          1.58997e+03                                   7.37280e+05                                  0.00086                           0.00000                    0.00000           
                    2000                                   3.15948e+03                                      4.48423                                               0.00000                                          1.42823e+03                                   7.37280e+05                                  0.00077                           0.00000                    0.00000           
                    3000                                   3.78246e+03                                      4.96977                                               0.00000                                          1.58287e+03                                   7.37280e+05                                  0.00085                           0.00000                    0.00000           
                    4000                                   4.19805e+03                                      5.55562                                               0.00000                                          1.76946e+03                                   7.37280e+05                                  0.00096                           0.00000                    0.00000           
                    5000                                   4.50126e+03                                      4.99379                                               0.00000                                          1.59052e+03                                   7.37280e+05                                  0.00086                           0.00000                    0.00000           
                    6000                                   4.72562e+03                                      4.48274                                               0.00000                                          1.42775e+03                                   7.37280e+05                                  0.00077                           0.00000                    0.00000           
                    7000                                   4.91510e+03                                      4.96615                                               0.00000                                          1.58172e+03                                   7.37280e+05                                  0.00085                           0.00000                    0.00000           
                    8000                                   5.07445e+03                                      5.55551                                               0.00000                                          1.76943e+03                                   7.37280e+05                                  0.00096                           0.00000                    0.00000           
                    9000                                   5.20267e+03                                      4.99743                                               0.00000                                          1.59168e+03                                   7.37280e+05                                  0.00086                           0.00000                    0.00000           
                   10000                                   5.29998e+03                                      4.48283                                               0.00000                                          1.42778e+03                                   7.37280e+05                                  0.00077                           0.00000                    0.00000           
                   11000                                   5.38862e+03                                      4.96255                                               0.00000                                          1.58057e+03                                   7.37280e+05                                  0.00085                           0.00000                    0.00000           
                   12000                                   5.45697e+03                                      5.55536                                               0.00000                                          1.76938e+03                                   7.37280e+05                                  0.00096                           0.00000                    0.00000           
                   13000                                   5.53240e+03                                      5.00107                                               0.00000                                          1.59284e+03                                   7.37280e+05                                  0.00086                           0.00000                    0.00000           
                   14000                                   5.58980e+03                                      4.48295                                               0.00000                                          1.42782e+03                                   7.37280e+05                                  0.00077                           0.00000                    0.00000           
                   15000                                   5.65284e+03                                      4.95894                                               0.00000                                          1.57942e+03                                   7.37280e+05                                  0.00085                           0.00000                    0.00000           
                   16000                                   5.69903e+03                                      5.55520                                               0.00000                                          1.76933e+03                                   7.37280e+05                                  0.00096                           0.00000                    0.00000           
                   17000                                   5.75903e+03                                      5.00471                                               0.00000                                          1.59400e+03                                   7.37280e+05                                  0.00086                           0.00000                    0.00000           
                   18000                                   5.81977e+03                                      4.48309                                               0.00000                                          1.42786e+03                                   7.37280e+05                                  0.00077                           0.00000                    0.00000           
                   19000                                   5.88113e+03                                      4.95535                                               0.00000                                          1.57828e+03                                   7.37280e+05                                  0.00085                           0.00000                    0.00000           
                   20000                                   5.93268e+03                                      5.55500                                               0.00000                                          1.76927e+03                                   7.37280e+05                                  0.00096                           0.00000                    0.00000           
                   21000                                   5.98108e+03                                      5.00836                                               0.00000                                          1.59516e+03                                   7.37280e+05                                  0.00086                           0.00000                    0.00000           
                   22000                                   6.02523e+03                                      4.48325                                               0.00000                                          1.42791e+03                                   7.37280e+05                                  0.00077                           0.00000                    0.00000           
                   23000                                   6.06870e+03                                      4.95175                                               0.00000                                          1.57713e+03                                   7.37280e+05                                  0.00085                           0.00000                    0.00000           
                   24000                                   6.10656e+03                                      5.55477                                               0.00000                                          1.76919e+03                                   7.37280e+05                                  0.00096                           0.00000                    0.00000           
                   25000                                   6.13182e+03                                      5.01201                                               0.00000                                          1.59633e+03                                   7.37280e+05                                  0.00086                           0.00000                    0.00000           
                   26000                                   6.15542e+03                                      4.48343                                               0.00000                                          1.42797e+03                                   7.37280e+05                                  0.00077                           0.00000                    0.00000           
                   27000                                   6.17068e+03                                      4.94816                                               0.00000                                          1.57599e+03                                   7.37280e+05                                  0.00085                           0.00000                    0.00000           
                   28000                                   6.18961e+03                                      5.55451                                               0.00000                                          1.76911e+03                                   7.37280e+05                                  0.00096                           0.00000                    0.00000           
                   29000                                   6.20565e+03                                      5.01566                                               0.00000                                          1.59749e+03                                   7.37280e+05                                  0.00087                           0.00000                    0.00000           
                   30000                                   6.22344e+03                                      4.48363                                               0.00000                                          1.42804e+03                                   7.37280e+05                                  0.00077                           0.00000                    0.00000           
                   31000                                   6.23962e+03                                      4.94458                                               0.00000                                          1.57485e+03                                   7.37280e+05                                  0.00085                           0.00000                    0.00000           
                   32000                                   6.25512e+03                                      5.55423                                               0.00000                                          1.76902e+03                                   7.37280e+05                                  0.00096                           0.00000                    0.00000           
                   33000                                   6.26930e+03                                      5.01931                                               0.00000                                          1.59865e+03                                   7.37280e+05                                  0.00087                           0.00000                    0.00000           
                   34000                                   6.28017e+03                                      4.48386                                               0.00000                                          1.42811e+03                                   7.37280e+05                                  0.00077                           0.00000                    0.00000           
                   35000                                   6.29140e+03                                      4.94178                                               0.41493                                          1.57396e+03                                   7.37280e+05                                  0.00087                           0.00000                    0.41493           
                   36000                                   6.30404e+03                                      5.49178                                               0.00000                                          1.74913e+03                                   7.37280e+05                                  0.00094                           0.00000                    0.00000           
                   37000                                   6.32019e+03                                      5.02722                                               0.00000                                          1.60117e+03                                   7.37280e+05                                  0.00087                           0.00000                    0.00000           
                   38000                                   6.34140e+03                                      4.53838                                               0.00000                                          1.44547e+03                                   7.37280e+05                                  0.00079                           0.00000                    0.00000           
                   39000                                   6.35468e+03                                      4.94226                                               0.00000                                          1.57411e+03                                   7.37280e+05                                  0.00085                           0.00000                    0.00000           
                   40000                                   6.36661e+03                                      5.49179                                               0.00000                                          1.74913e+03                                   7.37280e+05                                  0.00094                           0.00000                    0.00000           
                   41000                                   6.38155e+03                                      5.02800                                               0.00000                                          1.60142e+03                                   7.37280e+05                                  0.00087                           0.00000                    0.00000           
                   42000                                   6.39556e+03                                      4.53838                                               0.00000                                          1.44547e+03                                   7.37280e+05                                  0.00079                           0.00000                    0.00000           
                   43000                                   6.41147e+03                                      4.94148                                               0.00000                                          1.57386e+03                                   7.37280e+05                                  0.00085                           0.00000                    0.00000           
                   44000                                   6.42625e+03                                      5.49178                                               0.00000                                          1.74913e+03                                   7.37280e+05                                  0.00094                           0.00000                    0.00000           
                   45000                                   6.43998e+03                                      5.02878                                               0.00000                                          1.60167e+03                                   7.37280e+05                                  0.00087                           0.00000                    0.00000           
                   46000                                   6.44554e+03                                      4.53838                                               0.00000                                          1.44547e+03                                   7.37280e+05                                  0.00079                           0.00000                    0.00000           
                   47000                                   6.45284e+03                                      4.94070                                               0.00000                                          1.57361e+03                                   7.37280e+05                                  0.00085                           0.00000                    0.00000           
                   48000                                   6.45758e+03                                      5.49178                                               0.00000                                          1.74913e+03                                   7.37280e+05                                  0.00094                           0.00000                    0.00000           
                   49000                                   6.46843e+03                                      5.02957                                               0.00000                                          1.60192e+03                                   7.37280e+05                                  0.00087                           0.00000                    0.00000           
                   50000                                   6.47494e+03                                      4.53839                                               0.00000                                          1.44548e+03                                   7.37280e+05                                  0.00079                           0.00000                    0.00000           
                   51000                                   6.47958e+03                                      4.93992                                               0.00000                                          1.57336e+03                                   7.37280e+05                                  0.00085                           0.00000                    0.00000           
                   52000                                   6.48596e+03                                      5.49176                                               0.00000                                          1.74913e+03                                   7.37280e+05                                  0.00094                           0.00000                    0.00000           
                   53000                                   6.49040e+03                                      5.03035                                               0.00000                                          1.60217e+03                                   7.37280e+05                                  0.00087                           0.00000                    0.00000           
                   54000                                   6.49538e+03                                      4.52938                                               0.00000                                          1.44261e+03                                   7.37280e+05                                  0.00078                           0.00000                    0.00000           
                   55000                                   6.49818e+03                                      4.93438                                               0.00000                                          1.57160e+03                                   7.37280e+05                                  0.00085                           0.00000                    0.00000           
                   56000                                   6.49894e+03                                      5.50182                                               0.00000                                          1.75233e+03                                   7.37280e+05                                  0.00094                           0.00000                    0.00000           
                   57000                                   6.50087e+03                                      5.03501                                               0.00000                                          1.60365e+03                                   7.37280e+05                                  0.00087                           0.00000                    0.00000           
                   58000                                   6.50315e+03                                      4.52945                                               0.00000                                          1.44263e+03                                   7.37280e+05                                  0.00078                           0.00000                    0.00000           
                   59000                                   6.50918e+03                                      4.93322                                               0.00000                                          1.57123e+03                                   7.37280e+05                                  0.00085                           0.00000                    0.00000           
                   60000                                   6.51305e+03                                      5.50174                                               0.00000                                          1.75230e+03                                   7.37280e+05                                  0.00094                           0.00000                    0.00000           
                   61000                                   6.51644e+03                                      5.03619                                               0.00000                                          1.60403e+03                                   7.37280e+05                                  0.00087                           0.00000                    0.00000           
                   62000                                   6.52086e+03                                      4.51440                                               0.00000                                          1.43784e+03                                   7.37280e+05                                  0.00078                           0.00000                    0.00000           
                   63000                                   6.52473e+03                                      4.91359                                               0.00000                                          1.56498e+03                                   7.37280e+05                                  0.00084                           0.00000                    0.00000           
                   64000                                   6.53051e+03                                      5.51833                                               0.00000                                          1.75759e+03                                   7.37280e+05                                  0.00095                           0.00000                    0.00000           
                   65000                                   6.53519e+03                                      5.05462                                               0.00000                                          1.60990e+03                                   7.37280e+05                                  0.00087                           0.00000                    0.00000           
                   66000                                   6.53955e+03                                      4.51461                                               0.00000                                          1.43790e+03                                   7.37280e+05                                  0.00078                           0.00000                    0.00000           
                   67000                                   6.54648e+03                                      4.91162                                               0.00000                                          1.56435e+03                                   7.37280e+05                                  0.00084                           0.00000                    0.00000           
                   68000                                   6.55182e+03                                      5.51804                                               0.00000                                          1.75750e+03                                   7.37280e+05                                  0.00095                           0.00000                    0.00000           
                   69000                                   6.56039e+03                                      5.05666                                               0.00000                                          1.61054e+03                                   7.37280e+05                                  0.00088                           0.00000                    0.00000           
                   70000                                   6.56585e+03                                      4.51483                                               0.00000                                          1.43797e+03                                   7.37280e+05                                  0.00078                           0.00000                    0.00000           
                   71000                                   6.56934e+03                                      4.90965                                               0.00000                                          1.56372e+03                                   7.37280e+05                                  0.00084                           0.00000                    0.00000           
                   72000                                   6.56985e+03                                      5.51775                                               0.00000                                          1.75740e+03                                   7.37280e+05                                  0.00095                           0.00000                    0.00000           
                   73000                                   6.57245e+03                                      5.05869                                               0.00000                                          1.61119e+03                                   7.37280e+05                                  0.00088                           0.00000                    0.00000           
                   74000                                   6.57477e+03                                      4.51506                                               0.00000                                          1.43805e+03                                   7.37280e+05                                  0.00078                           0.00000                    0.00000           
                   75000                                   6.57527e+03                                      4.90769                                               0.00000                                          1.56310e+03                                   7.37280e+05                                  0.00084                           0.00000                    0.00000           
                   76000                                   6.57542e+03                                      5.51745                                               0.00000                                          1.75731e+03                                   7.37280e+05                                  0.00095                           0.00000                    0.00000           
                   77000                                   6.57726e+03                                      5.06073                                               0.00000                                          1.61184e+03                                   7.37280e+05                                  0.00088                           0.00000                    0.00000           
                   78000                                   6.57769e+03                                      4.51530                                               0.00000                                          1.43812e+03                                   7.37280e+05                                  0.00078                           0.00000                    0.00000           
                   79000                                   6.57899e+03                                      4.90572                                               0.00000                                          1.56247e+03                                   7.37280e+05                                  0.00084                           0.00000                    0.00000           
                   80000                                   6.57962e+03                                      5.51713                                               0.00000                                          1.75721e+03                                   7.37280e+05                                  0.00095                           0.00000                    0.00000           
                   81000                                   6.58197e+03                                      5.06277                                               0.00000                                          1.61249e+03                                   7.37280e+05                                  0.00088                           0.00000                    0.00000           
